10 9
11 9
12 9
14 9
18 9
23 12
27 13
34 15
43 20
54 24
62 26
73 33
84 37
94 42
104 46
115 50
124 54
131 57
140 61
146 63
155 64
160 67
163 68
166 70
168 70
169 71
170 71
168 71
161 73
150 73
137 73
114 76
83 79
55 82
23 91
-4 96
-20 96
-31 96
-40 96
-47 96
-50 96
-51 96
-49 96
-43 97
-36 97
-25 99
-14 102
3 104
20 107
38 109
62 112
85 115
105 118
124 118
141 118
154 118
159 118
162 118
164 118
165 118
166 118
168 118
171 119
172 119
175 119
177 119
179 119
179 120
179 121
179 122
179 125
179 130
177 134
175 137
173 143
168 148
162 152
154 158
147 160
137 162
129 164
121 167
112 167
102 167
94 167
86 167
80 167
72 167
69 167
64 167
63 167
61 167
60 166
58 166
57 164
54 163
53 160
51 157
49 150
44 144
42 136
40 130
40 123
40 117
40 111
40 108
40 105
40 104
42 102
43 100
46 99
50 97
58 95
71 93
87 88
109 82
128 77
142 72
154 68
159 68
164 68
169 68
172 68
176 68
180 71
184 75
186 77
190 81
191 83
192 88
189 94
187 99
180 107
173 115
167 122
164 126
160 128
157 129
154 129
151 131
148 131
143 131
137 131
134 131
129 131
128 131
124 131
122 130
119 129
117 127
116 127
114 127
114 125
114 124
114 123
113 120
112 120
112 119
111 119
